4861584.000 6042816.000 6774768.000 7484256.000 5703984.000 5052528.000 4573296.000 576576.000 3408912.000 584064.000 849888.000 960336.000 1196208.000 1029600.000 1070784.000 1145664.000 728208.000 1248624.000 1068912.000 909792.000 1050192.000 915408.000 426816.000 108576.000 331344.000 456768.000 728208.000 846144.000 915408.000 1078272.000 1329120.000 5322096.000 10573056.000 10331568.000 10099440.000 4122144.000 3101904.000 3015792.000 2583360.000 2171520.000 2641392.000 5224752.000 10574928.000 11374272.000 4363632.000 5979168.000 7622784.000 7813728.000 5649696.000 5614128.000 
5833152.000 6641856.000 6490224.000 8755344.000 8519472.000 10730304.000 10936224.000 10958688.000 6954480.000 814320.000 784368.000 123552.000 346320.000 320112.000 999648.000 1035216.000 1042704.000 964080.000 3715920.000 9015552.000 10829520.000 8626176.000 9191520.000 6250608.000 9550944.000 5889312.000 1894464.000 2557152.000 2544048.000 2560896.000 2240784.000 2922192.000 2691936.000 2386800.000 2824848.000 3053232.000 5675904.000 6621264.000 7257744.000 6226272.000 5655312.000 4432896.000 7476768.000 3320928.000 2452320.000 2680704.000 2716272.000 6383520.000 10780848.000 7315776.000 
10876320.000 9369360.000 6924528.000 8315424.000 8547552.000 6720480.000 9092304.000 2864160.000 1475136.000 2442960.000 7173504.000 6473376.000 8858304.000 8029008.000 9155952.000 9286992.000 3629808.000 1724112.000 2019888.000 804960.000 179712.000 318240.000 147888.000 694512.000 761904.000 836784.000 1316016.000 1797120.000 6383520.000 10603008.000 6776640.000 3996720.000 3824496.000 5406336.000 2115360.000 2403648.000 2409264.000 2703168.000 3131856.000 3006432.000 3115008.000 4374864.000 2499120.000 2177136.000 660816.000 393120.000 945360.000 1141920.000 2800512.000 9678240.000 
9286992.000 3629808.000 1724112.000 2019888.000 804960.000 179712.000 318240.000 147888.000 694512.000 761904.000 836784.000 1316016.000 1797120.000 6383520.000 10603008.000 6776640.000 3996720.000 3824496.000 5406336.000 2115360.000 2403648.000 2409264.000 2703168.000 3131856.000 3006432.000 3115008.000 4374864.000 2499120.000 2177136.000 660816.000 393120.000 945360.000 1141920.000 2800512.000 9678240.000 11494080.000 11700000.000 5542992.000 7536672.000 9846720.000 10468224.000 11001744.000 11260080.000 10966176.000 8360352.000 11190816.000 10735920.000 12714624.000 10297872.000 9653904.000 
5694624.000 5308992.000 6742944.000 4580784.000 5089968.000 5906160.000 7121088.000 6295536.000 5806944.000 2484144.000 2394288.000 2783664.000 7426224.000 8096400.000 7912944.000 8453952.000 8418384.000 8500752.000 11097216.000 6293664.000 5297760.000 3040128.000 1082016.000 247104.000 675792.000 804960.000 370656.000 248976.000 861120.000 778752.000 859248.000 1299168.000 1596816.000 810576.000 804960.000 870480.000 855504.000 1059552.000 1065168.000 801216.000 1533168.000 2686320.000 2890368.000 1516320.000 597168.000 818064.000 754416.000 406224.000 739440.000 1327248.000 
1070784.000 593424.000 731952.000 600912.000 728208.000 512928.000 559728.000 853632.000 1297296.000 1102608.000 1078272.000 930384.000 1111968.000 969696.000 979056.000 1203696.000 1050192.000 1237392.000 1231776.000 1244880.000 1649232.000 2319408.000 1357200.000 1130688.000 698256.000 86112.000 104832.000 52416.000 213408.000 132912.000 439920.000 745056.000 1153152.000 702000.000 913536.000 997776.000 1823328.000 2263248.000 2220192.000 6600672.000 5419440.000 5299632.000 3143088.000 2437344.000 3392064.000 6757920.000 3395808.000 4212000.000 5209776.000 4771728.000 
628992.000 1651104.000 2841696.000 8360352.000 8468928.000 3176784.000 3944304.000 7268976.000 6074640.000 101088.000 8955648.000 7250256.000 8341632.000 2025504.000 2585232.000 1679184.000 1220544.000 565344.000 174096.000 174096.000 48672.000 13104.000 13104.000 119808.000 132912.000 192816.000 132912.000 117936.000 718848.000 643968.000 952848.000 554112.000 331344.000 1145664.000 394992.000 939744.000 681408.000 722592.000 707616.000 767520.000 501696.000 643968.000 151632.000 702000.000 1203696.000 2364336.000 6851520.000 6346080.000 3845088.000 3118752.000 
3949920.000 4777344.000 3448224.000 4015440.000 4112784.000 5076864.000 6696144.000 4135248.000 4794192.000 2433600.000 6806592.000 4794192.000 318240.000 4105296.000 1802736.000 1993680.000 2244528.000 1974960.000 1731600.000 1031472.000 782496.000 979056.000 980928.000 941616.000 909792.000 1065168.000 2283840.000 5812560.000 6791616.000 5091840.000 7744464.000 8787168.000 7167888.000 10679760.000 6902064.000 3526848.000 2450448.000 971568.000 7488.000 336960.000 1872.000 3744.000 127296.000 131040.000 222768.000 365040.000 539136.000 668304.000 550368.000 1057680.000 
1065168.000 2283840.000 5812560.000 6791616.000 5091840.000 7744464.000 8787168.000 7167888.000 10679760.000 6902064.000 3526848.000 2450448.000 971568.000 7488.000 336960.000 1872.000 3744.000 127296.000 131040.000 222768.000 365040.000 539136.000 668304.000 550368.000 1057680.000 960336.000 782496.000 776880.000 919152.000 977184.000 964080.000 994032.000 1155024.000 982800.000 1022112.000 1059552.000 1029600.000 1134432.000 1156896.000 1130688.000 1226160.000 1029600.000 861120.000 645840.000 812448.000 724464.000 600912.000 1151280.000 853632.000 876096.000 
8160048.000 9228960.000 2182752.000 3508128.000 8749728.000 6357312.000 3863808.000 5065632.000 6864624.000 7703280.000 9433008.000 9094176.000 9197136.000 10851984.000 9831744.000 3298464.000 363168.000 293904.000 104832.000 114192.000 131040.000 305136.000 464256.000 982800.000 666432.000 1282320.000 3723408.000 3581136.000 6533280.000 7459920.000 5183568.000 4073472.000 1499472.000 95472.000 1872.000 86112.000 43056.000 87984.000 393120.000 642096.000 14976.000 239616.000 977184.000 921024.000 1009008.000 765648.000 919152.000 932256.000 956592.000 424944.000 
499824.000 612144.000 868608.000 1110096.000 160992.000 737568.000 1754064.000 6815952.000 6070896.000 539136.000 919152.000 82368.000 82368.000 170352.000 102960.000 106704.000 106704.000 116064.000 211536.000 54288.000 52416.000 7488.000 138528.000 198432.000 608400.000 370656.000 162864.000 754416.000 1467648.000 5196672.000 3822624.000 18720.000 928512.000 205920.000 41184.000 3744.000 232128.000 129168.000 22464.000 445536.000 16848.000 307008.000 640224.000 1754064.000 7124832.000 2895984.000 5237856.000 8912592.000 6840288.000 1340352.000 
1233648.000 299520.000 288288.000 7488.000 13104.000 13104.000 54288.000 1872.000 9360.000 1872.000 1872.000 39312.000 3744.000 3744.000 89856.000 89856.000 16848.000 9360.000 86112.000 106704.000 132912.000 353808.000 617760.000 4408560.000 8562528.000 9992736.000 8599968.000 6091488.000 3343392.000 144144.000 1514448.000 2852928.000 2354976.000 1643616.000 1915056.000 1411488.000 1091376.000 86112.000 2252016.000 3339648.000 3592368.000 3764592.000 6892704.000 7688304.000 3086928.000 3068208.000 11816064.000 13175136.000 5250960.000 1669824.000 
86112.000 2252016.000 3339648.000 3592368.000 3764592.000 6892704.000 7688304.000 3086928.000 3068208.000 11816064.000 13175136.000 5250960.000 1669824.000 2223936.000 3850704.000 3049488.000 2420496.000 2429856.000 2072304.000 6186960.000 4857840.000 9569664.000 2517840.000 4080960.000 10668528.000 7929792.000 2300688.000 144144.000 269568.000 312624.000 175968.000 282672.000 468000.000 340704.000 9360.000 106704.000 1134432.000 928512.000 690768.000 3006432.000 2723760.000 3088800.000 2281968.000 3152448.000 4153968.000 1980576.000 1050192.000 400608.000 879840.000 612144.000 
874224.000 1168128.000 1317888.000 928512.000 1486368.000 303264.000 4324320.000 9805536.000 10427040.000 913536.000 1042704.000 262080.000 235872.000 175968.000 1527552.000 1475136.000 1117584.000 426816.000 342576.000 894816.000 220896.000 2682576.000 6540768.000 2721888.000 5937984.000 5967936.000 8815248.000 6364800.000 6353568.000 1812096.000 615888.000 967824.000 771264.000 1186848.000 232128.000 357552.000 280800.000 864864.000 743184.000 1287936.000 1370304.000 1126944.000 1267344.000 855504.000 1583712.000 6318000.000 11533392.000 8892000.000 5572944.000 4683744.000 
1188720.000 3584880.000 7171632.000 6271200.000 8023392.000 3560544.000 2135952.000 2639520.000 3854448.000 9008064.000 9247680.000 10060128.000 11364912.000 7882992.000 10305360.000 2238912.000 3959280.000 8714160.000 649584.000 213408.000 466128.000 625248.000 1098864.000 1130688.000 1883232.000 1332864.000 752544.000 439920.000 524160.000 2158416.000 655200.000 1911312.000 2669472.000 2540304.000 4578912.000 6890832.000 7094880.000 2396160.000 846144.000 454896.000 479232.000 131040.000 610272.000 1108224.000 1044576.000 234000.000 481104.000 1111968.000 428688.000 950976.000 
6890832.000 7094880.000 2396160.000 846144.000 454896.000 479232.000 131040.000 610272.000 1108224.000 1044576.000 234000.000 481104.000 1111968.000 428688.000 950976.000 4387968.000 6654960.000 10267920.000 9086688.000 5698368.000 7197840.000 8815248.000 982800.000 295776.000 791856.000 353808.000 906048.000 6587568.000 8794656.000 6434064.000 138528.000 102960.000 346320.000 46800.000 155376.000 153504.000 28080.000 54288.000 18720.000 104832.000 104832.000 162864.000 715104.000 711360.000 780624.000 1332864.000 3536208.000 8886384.000 5363280.000 2349360.000 
555984.000 408096.000 434304.000 428688.000 612144.000 771264.000 117936.000 250848.000 481104.000 301392.000 144144.000 117936.000 462384.000 595296.000 1725984.000 6960096.000 11188944.000 2924064.000 6806592.000 9932832.000 8841456.000 10895040.000 9378720.000 10642320.000 10078848.000 6892704.000 1037088.000 198432.000 234000.000 1374048.000 9949680.000 12961728.000 10724688.000 12216672.000 11104704.000 8377200.000 1647360.000 1115712.000 1875744.000 2222064.000 1686672.000 1156896.000 1742832.000 2918448.000 5556096.000 3392064.000 7076160.000 8822736.000 5095584.000 2690064.000 
1598688.000 5694624.000 3468816.000 4616352.000 9146592.000 8234928.000 3837600.000 5299632.000 10187424.000 11190816.000 8491392.000 10724688.000 8719776.000 9052992.000 8060832.000 4013568.000 5571072.000 11361168.000 11881584.000 9835488.000 7486128.000 1916928.000 6394752.000 11703744.000 13450320.000 5966064.000 3603600.000 2276352.000 2952144.000 3202992.000 7564752.000 10988640.000 9286992.000 10015200.000 5820048.000 4376736.000 12695904.000 12995424.000 12422592.000 11175840.000 11608272.000 9740016.000 12540528.000 8367840.000 3792672.000 2927808.000 3860064.000 8774064.000 10604880.000 14283360.000 
11660688.000 10503792.000 10524384.000 6405984.000 3841344.000 11737440.000 12740832.000 12770784.000 13008528.000 13950144.000 11821680.000 9315072.000 7658352.000 3841344.000 5610384.000 11406096.000 10335312.000 11115936.000 10363392.000 9502272.000 2581488.000 801216.000 1744704.000 1754064.000 1578096.000 2274480.000 9416160.000 12138048.000 11224512.000 9281376.000 11836656.000 9721296.000 2895984.000 1679184.000 5177952.000 11696256.000 7321392.000 6870240.000 8029008.000 10369008.000 5507424.000 608400.000 321984.000 172224.000 1302912.000 7401888.000 11726208.000 7463664.000 2566512.000 1269216.000 
655200.000 694512.000 222768.000 778752.000 307008.000 466128.000 982800.000 3605472.000 10730304.000 12059424.000 10035792.000 8935056.000 9024912.000 1272960.000 3577392.000 681408.000 234000.000 232128.000 256464.000 235872.000 254592.000 247104.000 224640.000 89856.000 7488.000 28080.000 9360.000 9360.000 7488.000 82368.000 310752.000 202176.000 271440.000 28080.000 112320.000 245232.000 230256.000 99216.000 46800.000 280800.000 494208.000 690768.000 1886976.000 394992.000 9105408.000 11870352.000 14098032.000 10994256.000 10747152.000 10224864.000
8899488.000 10913760.000 10428912.000 6857136.000 6293664.000 4928976.000 4120272.000 818064.000 943488.000 4148352.000 9629568.000 12276576.000 6778512.000 2369952.000 11346192.000 11630736.000 9547200.000 10131264.000 7671456.000 7014384.000 6186960.000 5627232.000 6437808.000 7074288.000 7134192.000 7660224.000 2368080.000 368784.000 335088.000 2208960.000 2383056.000 6391008.000 14689584.000 12158640.000 10838880.000 9783072.000 14901120.000 8500752.000 5945472.000 1611792.000 398736.000 336960.000 194688.000 93600.000 376272.000 1675440.000 5423184.000 8367840.000 5902416.000 4893408.000
913536.000 591552.000 913536.000 921024.000 174096.000 365040.000 1162512.000 1913184.000 2914704.000 6763536.000 2405520.000 5816304.000 5561712.000 5717088.000 5264064.000 5973552.000 6980688.000 3667248.000 449280.000 507312.000 797472.000 647712.000 466128.000 331344.000 645840.000 746928.000 359424.000 421200.000 602784.000 449280.000 123552.000 136656.000 492336.000 711360.000 730080.000 1458288.000 2931552.000 6780384.000 6201936.000 6271200.000 8212464.000 2776176.000 1694160.000 2937168.000 3159936.000 7216560.000 9717552.000 9294480.000 10275408.000 11151504.000
10623600.000 13512096.000 13167648.000 6978816.000 3586752.000 3983616.000 4148352.000 4865328.000 4097808.000 406224.000 454896.000 705744.000 842400.000 679536.000 312624.000 919152.000 1155024.000 1035216.000 939744.000 1181232.000 1435824.000 1619280.000 4861584.000 4442256.000 6147648.000 7173504.000 8745984.000 11383632.000 11136528.000 9371232.000 1714752.000 911664.000 988416.000 720720.000 685152.000 842400.000 780624.000 795600.000 1282320.000 1046448.000 555984.000 1188720.000 1226160.000 840528.000 2233296.000 7100496.000 8753472.000 5642208.000 10632960.000 7948512.000
932256.000 673920.000 630864.000 630864.000 928512.000 1082016.000 758160.000 1100736.000 892944.000 591552.000 1016496.000 1110096.000 861120.000 623376.000 988416.000 1156896.000 1171872.000 1068912.000 707616.000 649584.000 907920.000 793728.000 819936.000 1398384.000 1404000.000 1939392.000 5245344.000 9155952.000 10784592.000 16672032.000 8781552.000 8993088.000 10050768.000 11097216.000 6385392.000 222768.000 149760.000 74880.000 310752.000 1068912.000 447408.000 672048.000 1226160.000 2362464.000 5810688.000 479232.000 1020240.000 1168128.000 4706208.000 8186256.000
11866608.000 11295648.000 11316240.000 8424000.000 9818640.000 9683856.000 11348064.000 8038368.000 10032048.000 6855264.000 1321632.000 303264.000 101088.000 48672.000 299520.000 263952.000 297648.000 314496.000 232128.000 179712.000 129168.000 205920.000 1604304.000 4973904.000 9854208.000 11814192.000 10080720.000 10799568.000 9605232.000 4088448.000 7502976.000 4520880.000 1682928.000 1555632.000 146016.000 497952.000 1153152.000 1199952.000 1031472.000 1005264.000 1252368.000 877968.000 705744.000 889200.000 1349712.000 1529424.000 1432080.000 2950272.000 7531056.000 7293312.000
12647232.000 11754288.000 12471264.000 11784240.000 12276576.000 12405744.000 11857248.000 12147408.000 11288160.000 12203568.000 12613536.000 10851984.000 10391472.000 12003264.000 8143200.000 6153264.000 8218080.000 8886384.000 5045040.000 3815136.000 5823792.000 6162624.000 4943952.000 5438160.000 4541472.000 2014272.000 2521584.000 3764592.000 5151744.000 5814432.000 4899024.000 1533168.000 443664.000 402480.000 372528.000 531648.000 142272.000 507312.000 812448.000 168480.000 2467296.000 10546848.000 12868128.000 10350288.000 9457344.000 11314368.000 9019296.000 2046096.000 5133024.000 5657184.000
9947808.000 12452544.000 11939616.000 924768.000 6480864.000 7620912.000 6724224.000 4792320.000 4885920.000 2879136.000 1888848.000 5015088.000 3680352.000 4384224.000 8596224.000 9940320.000 3261024.000 3113136.000 10919376.000 3685968.000 3506256.000 6346080.000 7738848.000 4221360.000 1742832.000 2459808.000 4743648.000 5050656.000 5164848.000 2734992.000 3858192.000 2242656.000 5370768.000 9653904.000 9421776.000 8422128.000 6261840.000 5836896.000 1521936.000 5947344.000 7229664.000 6840288.000 4462848.000 6009120.000 3787056.000 7819344.000 3315312.000 1046448.000 232128.000 177840.000
2817360.000 6113952.000 2950272.000 5694624.000 5247216.000 2106000.000 5428800.000 7523568.000 10170576.000 5410080.000 4812912.000 3431376.000 4766112.000 7912944.000 3927456.000 4251312.000 1460160.000 89856.000 20592.000 174096.000 765648.000 857376.000 578448.000 1241136.000 698256.000 507312.000 655200.000 778752.000 636480.000 623376.000 975312.000 872352.000 803088.000 844272.000 464256.000 660816.000 254592.000 423072.000 2208960.000 8102016.000 9507888.000 3942432.000 1304784.000 1156896.000 810576.000 934128.000 1368432.000 1454544.000 995904.000 479232.000
11653200.000 10501920.000 8255520.000 1617408.000 4797936.000 3603600.000 1031472.000 1005264.000 831168.000 911664.000 950976.000 591552.000 784368.000 789984.000 703872.000 353808.000 593424.000 1615536.000 894816.000 10159344.000 12066912.000 8843328.000 11158992.000 11072880.000 6259968.000 9298224.000 6179472.000 7173504.000 5140512.000 6898320.000 6359184.000 5647824.000 5872464.000 591552.000 3380832.000 8706672.000 10194912.000 12094992.000 13472784.000 9024912.000 12426336.000 9215856.000 11574576.000 8774064.000 4266288.000 971568.000 634608.000 288288.000 48672.000 548496.000
11263824.000 1125072.000 7866144.000 16041168.000 15013440.000 15125760.000 7924176.000 2553408.000 4625712.000 6523920.000 9461088.000 5936112.000 6975072.000 9577152.000 7493616.000 6656832.000 2072304.000 735696.000 600912.000 6776640.000 14227200.000 16035552.000 14697072.000 12943008.000 11606400.000 9930960.000 5803200.000 1742832.000 1022112.000 1888848.000 2255760.000 3972384.000 3560544.000 1699776.000 5996016.000 5312736.000 1020240.000 582192.000 1404000.000 6866496.000 13347360.000 14180400.000 11338704.000 10868832.000 11449152.000 10573056.000 9556560.000 2332512.000 1134432.000 7332624.000
4374864.000 10427040.000 5020704.000 3858192.000 5249088.000 5138640.000 5370768.000 6662448.000 2207088.000 237744.000 192816.000 37440.000 29952.000 277056.000 219024.000 134784.000 61776.000 696384.000 413712.000 175968.000 299520.000 93600.000 443664.000 1035216.000 741312.000 1018368.000 1126944.000 2757456.000 7304544.000 8723520.000 9856080.000 9818640.000 3996720.000 2117232.000 9245808.000 4927104.000 1731600.000 1872.000 123552.000 146016.000 102960.000 132912.000 117936.000 254592.000 389376.000 552240.000 215280.000 514800.000 116064.000 681408.000
9625824.000 9363744.000 9446112.000 12752064.000 5943600.000 720720.000 778752.000 1023984.000 1158768.000 447408.000 1261728.000 758160.000 979056.000 855504.000 149760.000 527904.000 1012752.000 1269216.000 4341168.000 12012624.000 9925344.000 15743520.000 13562640.000 8231184.000 8979984.000 10533744.000 11160864.000 11237616.000 7765056.000 2119104.000 1010880.000 941616.000 1432080.000 1151280.000 1160640.000 808704.000 958464.000 1295424.000 956592.000 402480.000 1201824.000 775008.000 1357200.000 1125072.000 1559376.000 2358720.000 6799104.000 6975072.000 7499232.000 7884864.000
11568960.000 10393344.000 6761664.000 4631328.000 396864.000 582192.000 454896.000 400608.000 1323504.000 1271088.000 1295424.000 2291328.000 4569552.000 6868368.000 3695328.000 6493968.000 3266640.000 428688.000 293904.000 479232.000 1211184.000 2070432.000 8875152.000 7070544.000 9766224.000 12856896.000 11947104.000 13059072.000 11202048.000 4127760.000 9264528.000 4608864.000 7205328.000 6976944.000 7184736.000 2955888.000 3691584.000 6383520.000 7291440.000 1626768.000 660816.000 280800.000 1196208.000 3345264.000 5778864.000 6668064.000 4590144.000 3532464.000 8334144.000 6555744.000
1098864.000 2620800.000 9228960.000 13523328.000 8023392.000 9361872.000 11422944.000 12199824.000 12117456.000 10511280.000 13060944.000 10872576.000 11621376.000 11713104.000 645840.000 7956000.000 11387376.000 10090080.000 10163088.000 7244640.000 1347840.000 962208.000 1095120.000 1164384.000 1096992.000 1014624.000 679536.000 960336.000 1052064.000 1872000.000 7287696.000 6765408.000 980928.000 385632.000 1241136.000 396864.000 140400.000 921024.000 1463904.000 3523104.000 10142496.000 14096160.000 12838176.000 8704800.000 8704800.000 8148816.000 10479456.000 10567440.000 11331216.000 8676720.000
76752.000 9360.000 389376.000 355680.000 237744.000 548496.000 460512.000 196560.000 151632.000 806832.000 576576.000 973440.000 522288.000 205920.000 11232.000 731952.000 1965600.000 5818176.000 7993440.000 2813616.000 3435120.000 4955184.000 7078032.000 7167888.000 7096752.000 6492096.000 5947344.000 7778160.000 3345264.000 2158416.000 1040832.000 1948752.000 9678240.000 9534096.000 11510928.000 11142144.000 12465648.000 4519008.000 140400.000 267696.000 222768.000 84240.000 557856.000 1012752.000 428688.000 760032.000 949104.000 374400.000 342576.000 310752.000
295776.000 153504.000 438048.000 980928.000 1439568.000 2946528.000 3431376.000 2530944.000 2663856.000 3916224.000 3802032.000 2480400.000 6040944.000 1010880.000 200304.000 746928.000 1134432.000 668304.000 675792.000 132912.000 310752.000 647712.000 415584.000 788112.000 501696.000 1138176.000 6170112.000 6945120.000 6769152.000 7725744.000 7188480.000 3071952.000 4932720.000 3848832.000 2798640.000 4277520.000 619632.000 569088.000 634608.000 591552.000 228384.000 1387152.000 2676960.000 614016.000 597168.000 599040.000 600912.000 370656.000 263952.000 456768.000
950976.000 456768.000 1091376.000 3092544.000 8199360.000 7641504.000 1598688.000 775008.000 263952.000 65520.000 232128.000 350064.000 745056.000 1031472.000 1420848.000 840528.000 389376.000 355680.000 160992.000 735696.000 1256112.000 1675440.000 3131856.000 3377088.000 1138176.000 1138176.000 5159232.000 9575280.000 8171280.000 5483088.000 5887440.000 1639872.000 67392.000 67392.000 170352.000 511056.000 660816.000 170352.000 496080.000 745056.000 917280.000 2019888.000 5308992.000 4739904.000 4502160.000 4006080.000 7276464.000 6645600.000 1834560.000 2424240.000
8938800.000 11692512.000 10166832.000 11890944.000 10930608.000 10720944.000 7740720.000 4801680.000 672048.000 6256224.000 6537024.000 7956000.000 5297760.000 2480400.000 1538784.000 361296.000 134784.000 146016.000 20592.000 5616.000 132912.000 117936.000 138528.000 46800.000 97344.000 215280.000 39312.000 127296.000 86112.000 18720.000 67392.000 131040.000 138528.000 63648.000 63648.000 288288.000 342576.000 142272.000 168480.000 411840.000 3027024.000 8395920.000 9360000.000 12911184.000 7933536.000 10475712.000 7478640.000 9569664.000 8641152.000 10361520.000
15575040.000 14294592.000 11042928.000 12888720.000 9887904.000 11263824.000 8251776.000 2218320.000 3098160.000 6254352.000 6486480.000 5771376.000 5574816.000 7735104.000 181584.000 1319760.000 2493504.000 2910960.000 3289104.000 2624544.000 507312.000 2778048.000 1136304.000 1302912.000 3508128.000 8386560.000 6570720.000 2731248.000 3768336.000 3459456.000 3581136.000 3906864.000 6016608.000 4827888.000 4221360.000 3727152.000 1548144.000 1797120.000 2690064.000 8341632.000 5146128.000 3369600.000 7141680.000 8598096.000 6112080.000 4324320.000 2173392.000 612144.000 1491984.000 8058960.000
7901712.000 5806944.000 6692400.000 4275648.000 458640.000 595296.000 415584.000 13104.000 108576.000 3744.000 97344.000 492336.000 649584.000 436176.000 235872.000 516672.000 980928.000 1398384.000 1252368.000 1302912.000 4348656.000 8461440.000 13710528.000 11898432.000 9120384.000 12405744.000 11821680.000 8371584.000 9393696.000 1849536.000 338832.000 627120.000 1224288.000 2255760.000 909792.000 411840.000 1052064.000 526032.000 593424.000 728208.000 892944.000 861120.000 672048.000 891072.000 821808.000 1402128.000 1012752.000 1207440.000 1272960.000 1475136.000
7323264.000 10045152.000 10694736.000 9195264.000 9955296.000 11939616.000 11379888.000 8729136.000 482976.000 1089504.000 934128.000 1282320.000 1171872.000 801216.000 355680.000 614016.000 666432.000 1115712.000 595296.000 475488.000 778752.000 956592.000 1418976.000 3390192.000 2976480.000 3143088.000 2897856.000 3597984.000 3292848.000 3663504.000 348192.000 348192.000 2079792.000 1973088.000 947232.000 531648.000 499824.000 651456.000 381888.000 640224.000 187200.000 312624.000 421200.000 1089504.000 2145312.000 2641392.000 4077216.000 6314256.000 6815952.000 11164608.000
11462256.000 14425632.000 11144016.000 4080960.000 1147536.000 584064.000 144144.000 1007136.000 950976.000 941616.000 896688.000 1096992.000 1252368.000 4496544.000 10438272.000 12707136.000 11172096.000 11290032.000 10286640.000 7755696.000 2849184.000 4507776.000 2250144.000 2523456.000 2809872.000 1213056.000 1098864.000 660816.000 378144.000 733824.000 623376.000 278928.000 902304.000 321984.000 585936.000 318240.000 162864.000 119808.000 256464.000 280800.000 41184.000 99216.000 411840.000 1080144.000 1415232.000 4371120.000 8618688.000 9412416.000 9558432.000 11203920.000
7800624.000 9824256.000 3929328.000 2778048.000 8768448.000 8191872.000 13652496.000 10681632.000 9208368.000 11847888.000 10764000.000 10986768.000 6362928.000 6228144.000 4434768.000 4131504.000 3227328.000 3481920.000 1827072.000 1035216.000 1009008.000 162864.000 548496.000 906048.000 614016.000 1068912.000 4987008.000 4885920.000 3556800.000 8268624.000 11316240.000 7877376.000 4915872.000 8472672.000 7452432.000 8659872.000 5518656.000 6789744.000 5919264.000 9942192.000 11765520.000 13021632.000 4751136.000 879840.000 473616.000 628992.000 357552.000 166608.000 374400.000 441792.000
58032.000 262080.000 1149408.000 1289808.000 1007136.000 1186848.000 803088.000 634608.000 497952.000 469872.000 323856.000 1179360.000 1317888.000 1184976.000 1213056.000 2991456.000 5254704.000 1261728.000 102960.000 102960.000 102960.000 183456.000 2424240.000 4917744.000 8500752.000 9011808.000 2049840.000 3644784.000 4603248.000 2220192.000 902304.000 507312.000 331344.000 357552.000 61776.000 114192.000 896688.000 844272.000 705744.000 76752.000 76752.000 151632.000 58032.000 260208.000 818064.000 898560.000 739440.000 13104.000 219024.000 219024.000
636480.000 868608.000 2375568.000 4275648.000 3667248.000 668304.000 439920.000 844272.000 760032.000 2079792.000 3871296.000 3435120.000 589680.000 834912.000 7282080.000 6067152.000 954720.000 192816.000 737568.000 1061424.000 1072656.000 408096.000 808704.000 1512576.000 1490112.000 2152800.000 1140048.000 1149408.000 915408.000 649584.000 387504.000 554112.000 5393232.000 7759440.000 6235632.000 8045856.000 10694736.000 9507888.000 7074288.000 1628640.000 8298576.000 10887552.000 11409840.000 5241600.000 2381184.000 417456.000 1203696.000 640224.000 512928.000 44928.000
12518064.000 9144720.000 7555392.000 7716384.000 5423184.000 7514208.000 6681168.000 6928272.000 5385744.000 1879488.000 1061424.000 2147184.000 584064.000 4097808.000 8946288.000 9129744.000 6658704.000 2353104.000 1046448.000 1390896.000 310752.000 1812096.000 8051472.000 9097920.000 3526848.000 2203344.000 170352.000 396864.000 131040.000 102960.000 1872.000 267696.000 301392.000 876096.000 881712.000 1353456.000 1684800.000 1254240.000 1523808.000 4575168.000 3953664.000 529776.000 258336.000 14976.000 74880.000 65520.000 555984.000 612144.000 316368.000 855504.000
857376.000 745056.000 1214928.000 1716624.000 4462848.000 2836080.000 2607696.000 2680704.000 2340000.000 2192112.000 1613664.000 286416.000 190944.000 496080.000 20592.000 157248.000 125424.000 424944.000 320112.000 9360.000 263952.000 1012752.000 1233648.000 836784.000 1211184.000 1239264.000 2336256.000 5320224.000 7192224.000 1289808.000 6452784.000 9404928.000 6482736.000 5230368.000 162864.000 104832.000 104832.000 93600.000 1872.000 54288.000 645840.000 984672.000 2609568.000 9182160.000 335088.000 7781904.000 7703280.000 2564640.000 2246400.000 278928.000 
14976.000 125424.000 78624.000 977184.000 1473264.000 3043872.000 6316128.000 5762016.000 4475952.000 788112.000 481104.000 198432.000 174096.000 239616.000 117936.000 18720.000 61776.000 284544.000 24336.000 24336.000 308880.000 1718496.000 5655312.000 6917040.000 1151280.000 2950272.000 2143440.000 5840640.000 5031936.000 4857840.000 5737680.000 9906624.000 5395104.000 127296.000 142272.000 46800.000 1872.000 5616.000 54288.000 3744.000 1872.000 162864.000 29952.000 265824.000 402480.000 432432.000 614016.000 818064.000 1123200.000 1083888.000 
1301040.000 1724112.000 7169760.000 9197136.000 2117232.000 643968.000 376272.000 267696.000 44928.000 329472.000 406224.000 484848.000 43056.000 355680.000 104832.000 177840.000 731952.000 1299168.000 3120624.000 2094768.000 4489056.000 9871056.000 12379536.000 3946176.000 5943600.000 4988880.000 7727616.000 9796176.000 1422720.000 204048.000 331344.000 458640.000 754416.000 709488.000 160992.000 215280.000 26208.000 413712.000 2304432.000 5507424.000 9397440.000 10485072.000 7237152.000 11246976.000 2353104.000 56160.000 9360.000 177840.000 28080.000 37440.000 
655200.000 864864.000 986544.000 447408.000 235872.000 713232.000 2242656.000 7044336.000 6067152.000 7905456.000 3884400.000 2602080.000 4552704.000 10528128.000 8661744.000 5982912.000 5490576.000 6456528.000 5988528.000 3586752.000 866736.000 7484256.000 8991216.000 7390656.000 6565104.000 5924880.000 2064816.000 1128816.000 1482624.000 932256.000 2469168.000 9595872.000 13570128.000 14032512.000 11353680.000 11316240.000 14474304.000 14208480.000 13613184.000 10737792.000 4876560.000 846144.000 791856.000 2791152.000 3646656.000 12121200.000 10069488.000 5224752.000 6329232.000 6432192.000 
6183216.000 6230016.000 1819584.000 1100736.000 930384.000 2100384.000 7006896.000 11319984.000 3925584.000 1703520.000 5649696.000 10189296.000 10397088.000 10717200.000 8725392.000 12066912.000 11986416.000 11469744.000 11157120.000 4842864.000 2714400.000 503568.000 2937168.000 4803552.000 4204512.000 6812208.000 5230368.000 3910608.000 4891536.000 3285360.000 3287232.000 2081664.000 3249792.000 9891648.000 9436752.000 5718960.000 11840400.000 6613776.000 5050656.000 6301152.000 9695088.000 6832800.000 5194800.000 6651216.000 8161920.000 10647936.000 12501216.000 11071008.000 11582064.000 14524848.000 
8148816.000 5438160.000 4683744.000 3856320.000 5795712.000 5906160.000 932256.000 2974608.000 5969808.000 2527200.000 6439680.000 6990048.000 6368544.000 10252944.000 3330288.000 3682224.000 2422368.000 2858544.000 2658240.000 2888496.000 3300336.000 3455712.000 5022576.000 9286992.000 9399312.000 3510000.000 806832.000 4348656.000 4459104.000 2420496.000 2280096.000 1795248.000 3779568.000 4223232.000 7310160.000 4067856.000 3345264.000 2356848.000 2444832.000 8541936.000 7564752.000 9002448.000 7845552.000 12048192.000 12267216.000 12162384.000 11660688.000 12568608.000 14109264.000 10076976.000 
8197488.000 6175728.000 8102016.000 7407504.000 1961856.000 1514448.000 1349712.000 1314144.000 2901600.000 8203104.000 5776992.000 7237152.000 4363632.000 4277520.000 3139344.000 4928976.000 9230832.000 9923472.000 10475712.000 12089376.000 9680112.000 8135712.000 11209536.000 11016720.000 11510928.000 11479104.000 10853856.000 10009584.000 2615184.000 3946176.000 2321280.000 1031472.000 1257984.000 1329120.000 947232.000 1074528.000 3674736.000 4869072.000 4292496.000 1007136.000 2384928.000 2811744.000 2708784.000 5820048.000 8768448.000 10187424.000 11540880.000 8055216.000 12624768.000 11164608.000 
11744928.000 12276576.000 13706784.000 11235744.000 12564864.000 8568144.000 12718368.000 12388896.000 13191984.000 12402000.000 10475712.000 8863920.000 5556096.000 5999760.000 5550480.000 2678832.000 1211184.000 767520.000 1963728.000 5035680.000 6183216.000 8472672.000 9477936.000 3468816.000 3863808.000 1703520.000 2040480.000 1400256.000 4706208.000 4889664.000 7701408.000 10017072.000 11074752.000 9792432.000 9586512.000 6739200.000 5142384.000 6162624.000 6553872.000 3180528.000 2529072.000 2970864.000 1821456.000 542880.000 4159584.000 4779216.000 5587920.000 5477472.000 1089504.000 353808.000 
982800.000 1171872.000 1679184.000 1349712.000 1082016.000 767520.000 5668416.000 8914464.000 6933888.000 4651920.000 3766464.000 2321280.000 997776.000 834912.000 1149408.000 1053936.000 1125072.000 1301040.000 1344096.000 1321632.000 2583360.000 4009824.000 2615184.000 1462032.000 7278336.000 8510112.000 9711936.000 6072768.000 2437344.000 3451968.000 5030064.000 5578560.000 3085056.000 1271088.000 2358720.000 3085056.000 3946176.000 5089968.000 5522400.000 5061888.000 4294368.000 1450800.000 640224.000 956592.000 838656.000 329472.000 207792.000 647712.000 883584.000 881712.000 
947232.000 1360944.000 335088.000 2562768.000 877968.000 879840.000 1248624.000 3148704.000 8659872.000 9262656.000 8405280.000 3264768.000 2888496.000 936000.000 2386800.000 4610736.000 2970864.000 3296592.000 494208.000 1023984.000 1828944.000 1916928.000 2096640.000 3612960.000 2214576.000 3485664.000 4320576.000 2068560.000 2104128.000 750672.000 114192.000 1765296.000 6965712.000 10558080.000 11282544.000 9751248.000 4041648.000 4369248.000 3206736.000 3861936.000 926640.000 612144.000 936000.000 1096992.000 722592.000 114192.000 179712.000 434304.000 1338480.000 1772784.000 
956592.000 924768.000 789984.000 834912.000 1020240.000 1362816.000 1956240.000 1020240.000 1246752.000 1269216.000 1158768.000 1003392.000 546624.000 655200.000 541008.000 672048.000 876096.000 1299168.000 2968992.000 4977648.000 3178656.000 1561248.000 361296.000 430560.000 127296.000 29952.000 864864.000 1141920.000 745056.000 1246752.000 1259856.000 819936.000 649584.000 1119456.000 1830816.000 9691344.000 965952.000 6209424.000 5000112.000 5153616.000 1888848.000 1010880.000 1110096.000 1525680.000 2091024.000 5013216.000 4962672.000 3925584.000 979056.000 6213168.000 
12671568.000 11456640.000 10554336.000 7770672.000 5975424.000 5578560.000 4812912.000 2860416.000 5848128.000 4949568.000 1396512.000 4914000.000 8659872.000 7008768.000 7454304.000 6009120.000 2276352.000 4419792.000 2867904.000 1469520.000 5129280.000 936000.000 123552.000 432432.000 351936.000 335088.000 263952.000 870480.000 1639872.000 4539600.000 11984544.000 12641616.000 12141792.000 9200880.000 7806240.000 10273536.000 11552112.000 11514672.000 10698480.000 11383632.000 13107744.000 12300912.000 12132432.000 12100608.000 10009584.000 3605472.000 769392.000 1965600.000 1628640.000 950976.000 
1533168.000 1681056.000 1477008.000 2442960.000 4910256.000 5106816.000 3508128.000 3064464.000 5722704.000 8950032.000 10833264.000 10904400.000 9154080.000 8360352.000 10215504.000 11194560.000 10550592.000 4279392.000 3088800.000 12540528.000 10157472.000 10646064.000 4575168.000 3107520.000 3405168.000 2001168.000 4586400.000 6808464.000 4565808.000 6057792.000 5464368.000 3551184.000 10374624.000 7635888.000 11962080.000 9058608.000 9107280.000 12233520.000 11001744.000 10348416.000 10453248.000 10969920.000 10808928.000 11789856.000 8397792.000 2843568.000 2038608.000 3624192.000 4812912.000 4221360.000 
3536208.000 4165200.000 6778512.000 4575168.000 4721184.000 5528016.000 6604416.000 8528832.000 10009584.000 9522864.000 9380592.000 12345840.000 12622896.000 11984544.000 10880064.000 10926864.000 9663264.000 9723168.000 11127168.000 6902064.000 3682224.000 3873168.000 6598800.000 6278688.000 7778160.000 7669584.000 8017776.000 6778512.000 5245344.000 4281264.000 3144960.000 3113136.000 2922192.000 3435120.000 3371472.000 6776640.000 7755696.000 7370064.000 2675088.000 1284192.000 5149872.000 8665488.000 9273888.000 10556208.000 9335664.000 2575872.000 3131856.000 3261024.000 5046912.000 7892352.000 
6598800.000 6278688.000 7778160.000 7669584.000 8017776.000 6778512.000 5245344.000 4281264.000 3144960.000 3113136.000 2922192.000 3435120.000 3371472.000 6776640.000 7755696.000 7370064.000 2675088.000 1284192.000 5149872.000 8665488.000 9273888.000 10556208.000 9335664.000 2575872.000 3131856.000 3261024.000 5046912.000 7892352.000 4889664.000 1791504.000 3298464.000 6729840.000 4803552.000 4921488.000 11471616.000 9822384.000 12802608.000 11097216.000 10565568.000 12023856.000 11690640.000 11860992.000 10385856.000 11898432.000 10520640.000 9294480.000 11660688.000 9144720.000 5908032.000 1183104.000 
484848.000 368784.000 694512.000 359424.000 1205568.000 1205568.000 1055808.000 4043520.000 7605936.000 6872112.000 4996368.000 1873872.000 3281616.000 4680000.000 694512.000 162864.000 162864.000 78624.000 78624.000 54288.000 54288.000 97344.000 374400.000 464256.000 340704.000 1050192.000 1108224.000 2519712.000 3729024.000 6735456.000 12755808.000 9069840.000 8798400.000 6638112.000 7701408.000 9165312.000 5844384.000 3120624.000 627120.000 14976.000 3744.000 1872.000 7488.000 24336.000 146016.000 271440.000 900432.000 1068912.000 1214928.000 2338128.000 
8019648.000 6033456.000 2102256.000 3274128.000 7742592.000 4670640.000 8920080.000 7549776.000 3925584.000 4571424.000 6039072.000 8719776.000 9901008.000 3577392.000 3128112.000 7297056.000 7753824.000 9648288.000 9283248.000 6428448.000 840528.000 786240.000 436176.000 436176.000 436176.000 35568.000 14976.000 33696.000 5616.000 78624.000 78624.000 703872.000 1042704.000 2433600.000 2798640.000 780624.000 5853744.000 9273888.000 12362688.000 11136528.000 11243232.000 10743408.000 8431488.000 7330752.000 7338240.000 1639872.000 520416.000 239616.000 58032.000 16848.000 
8409024.000 8714160.000 7186608.000 7076160.000 10131264.000 11187072.000 7663968.000 1649232.000 10110672.000 9691344.000 3088800.000 5430672.000 7707024.000 4326192.000 4520880.000 6220656.000 5389488.000 1535040.000 417456.000 267696.000 44928.000 164736.000 380016.000 393120.000 267696.000 101088.000 363168.000 385632.000 419328.000 393120.000 351936.000 393120.000 424944.000 632736.000 3637296.000 10535616.000 7182864.000 2493504.000 1742832.000 718848.000 1338480.000 862992.000 320112.000 2210832.000 2905344.000 2922192.000 3369600.000 2401776.000 4389840.000 8186256.000 
9975888.000 7736976.000 3551184.000 2841696.000 5808816.000 4906512.000 7662096.000 8270496.000 9227088.000 7443072.000 2223936.000 5222880.000 3171168.000 2315664.000 3925584.000 6812208.000 6982560.000 6084000.000 6585696.000 2444832.000 1918800.000 2764944.000 874224.000 2763072.000 2847312.000 2676960.000 4384224.000 3371472.000 552240.000 2471040.000 6134544.000 7826832.000 8923824.000 10383984.000 10185552.000 12302784.000 6834672.000 3803904.000 3899376.000 1664208.000 2684448.000 3167424.000 7317648.000 6426576.000 945360.000 2772432.000 1477008.000 2388672.000 2268864.000 2686320.000 
2609568.000 1873872.000 5159232.000 6010992.000 4251312.000 3378960.000 4575168.000 7435584.000 8833968.000 8504496.000 10385856.000 1035216.000 7068672.000 4314960.000 1989936.000 2551536.000 2003040.000 1954368.000 1158768.000 174096.000 99216.000 162864.000 761904.000 1160640.000 1898208.000 6548256.000 1192464.000 5840640.000 6303024.000 7793136.000 11874096.000 12252240.000 10720944.000 13060944.000 9496656.000 5217264.000 4520880.000 5000112.000 6098976.000 1974960.000 1974960.000 1974960.000 1974960.000 271440.000 3465072.000 1231776.000 5396976.000 6722352.000 6864624.000 7061184.000 
5683392.000 5975424.000 8416512.000 7677072.000 11537136.000 11392992.000 10947456.000 10795824.000 600912.000 2179008.000 4376736.000 5889312.000 4099680.000 7710768.000 3202992.000 3171168.000 1909440.000 3597984.000 7491744.000 5675904.000 7147296.000 7823088.000 4541472.000 20592.000 5524272.000 6271200.000 5795712.000 7641504.000 8472672.000 11011104.000 11988288.000 8616816.000 7186608.000 3949920.000 5557968.000 5569200.000 8641152.000 5621616.000 6445296.000 1226160.000 1901952.000 760032.000 363168.000 608400.000 1089504.000 1059552.000 1626768.000 668304.000 1001520.000 1750320.000 
9552816.000 1845792.000 7257744.000 12422592.000 13070304.000 4949568.000 2530944.000 2613312.000 2633904.000 4599504.000 8877024.000 6967584.000 8502624.000 4346784.000 1974960.000 4000464.000 6158880.000 9833616.000 2695680.000 3468816.000 5406336.000 6007248.000 6452784.000 3846960.000 2815488.000 8167536.000 10694736.000 11877840.000 10127520.000 8731008.000 6705504.000 1471392.000 3337776.000 5574816.000 6186960.000 7692048.000 5984784.000 6252480.000 7093008.000 4814784.000 1806480.000 956592.000 969696.000 1280448.000 548496.000 628992.000 336960.000 666432.000 761904.000 1398384.000 
548496.000 628992.000 336960.000 666432.000 761904.000 1398384.000 5954832.000 12956112.000 12454416.000 13615056.000 8493264.000 7555392.000 8281728.000 8094528.000 5378256.000 6014736.000 4444128.000 5762016.000 5393232.000 7029360.000 1752192.000 2489760.000 6557616.000 5694624.000 7059312.000 4936464.000 1179360.000 2006784.000 2004912.000 2109744.000 2867904.000 2660112.000 3242304.000 2764944.000 1317888.000 1976832.000 4195152.000 5720832.000 4719312.000 4165200.000 86112.000 86112.000 86112.000 86112.000 86112.000 86112.000 86112.000 86112.000 484848.000 277056.000 
1735344.000 1033344.000 1643616.000 3408912.000 3448224.000 9451728.000 11930256.000 12023856.000 10601136.000 10840752.000 12300912.000 9300096.000 12158640.000 5876208.000 5820048.000 4442256.000 1505088.000 1561248.000 3285360.000 6587568.000 9945936.000 12712752.000 12991680.000 9962784.000 7154784.000 3626064.000 2018016.000 3378960.000 3491280.000 1405872.000 5172336.000 2201472.000 6922656.000 2615184.000 1432080.000 5104944.000 5836896.000 4623840.000 3803904.000 1634256.000 164736.000 430560.000 570960.000 1274832.000 1696032.000 743184.000 3176784.000 2628288.000 5136768.000 3186144.000 
1149408.000 915408.000 984672.000 827424.000 1003392.000 1151280.000 1287936.000 507312.000 627120.000 1443312.000 3788928.000 6209424.000 5466240.000 2358720.000 3644784.000 4831632.000 4273776.000 5625360.000 7596576.000 10380240.000 12759552.000 11100960.000 6009120.000 7632144.000 7957872.000 10707840.000 11127168.000 6654960.000 2693808.000 8856432.000 8708544.000 10486944.000 6370416.000 3189888.000 4217616.000 5756400.000 4949568.000 2881008.000 1096992.000 2802384.000 4784832.000 5660928.000 6688656.000 8087040.000 9623952.000 9683856.000 11280672.000 1345968.000 630864.000 428688.000 
2914704.000 3341520.000 6902064.000 10681632.000 9820512.000 5492448.000 6692400.000 4820400.000 2210832.000 6332976.000 5138640.000 2804256.000 7381296.000 6636240.000 5707728.000 7540416.000 7727616.000 6602544.000 7094880.000 7982208.000 10189296.000 11774880.000 6668064.000 1297296.000 2989584.000 4960800.000 4638816.000 4092192.000 4582656.000 5756400.000 10159344.000 10477584.000 4833504.000 4320576.000 6731712.000 7587216.000 8697312.000 7750080.000 6055920.000 5262192.000 7622784.000 3019536.000 2012400.000 6447168.000 10750896.000 11647584.000 8745984.000 4863456.000 4204512.000 5172336.000 
6731712.000 7587216.000 8697312.000 7750080.000 6055920.000 5262192.000 7622784.000 3019536.000 2012400.000 6447168.000 10750896.000 11647584.000 8745984.000 4863456.000 4204512.000 5172336.000 7429968.000 8996832.000 8015904.000 11598912.000 8611200.000 5576688.000 2162160.000 756288.000 5923008.000 7268976.000 11963952.000 7386912.000 1767168.000 4552704.000 6432192.000 9154080.000 12061296.000 11059776.000 10408320.000 10631088.000 6527664.000 1557504.000 4333680.000 5007600.000 5342688.000 5297760.000 5876208.000 1228032.000 6802848.000 10035792.000 14348880.000 12190464.000 12330864.000 125424.000 
8324784.000 3367728.000 7547904.000 8483904.000 9026784.000 12254112.000 12682800.000 5836896.000 1435824.000 4560192.000 2920320.000 2119104.000 2980224.000 3496896.000 6774768.000 2341872.000 5473728.000 3931200.000 3468816.000 284544.000 1023984.000 1168128.000 937872.000 1117584.000 898560.000 89856.000 1085760.000 2873520.000 1830816.000 3422016.000 9277632.000 12437568.000 10404576.000 1475136.000 1432080.000 3315312.000 4784832.000 4303728.000 5191056.000 1774656.000 4238208.000 5752656.000 3481920.000 5556096.000 5711472.000 2976480.000 1201824.000 3103776.000 1239264.000 2925936.000 
2341872.000 5473728.000 3931200.000 3468816.000 284544.000 1023984.000 1168128.000 937872.000 1117584.000 898560.000 89856.000 1085760.000 2873520.000 1830816.000 3422016.000 9277632.000 12437568.000 10404576.000 1475136.000 1432080.000 3315312.000 4784832.000 4303728.000 5191056.000 1774656.000 4238208.000 5752656.000 3481920.000 5556096.000 5711472.000 2976480.000 1201824.000 3103776.000 1239264.000 2925936.000 4041648.000 6183216.000 8530704.000 9541584.000 10170576.000 6525792.000 8227440.000 6756048.000 2369952.000 3764592.000 2925936.000 3071952.000 2832336.000 2927808.000 509184.000 
3365856.000 3208608.000 3545568.000 3612960.000 5726448.000 9519120.000 8283600.000 10344672.000 8234928.000 6866496.000 911664.000 6817824.000 6920784.000 2237040.000 819936.000 876096.000 964080.000 1117584.000 1244880.000 1130688.000 207792.000 2785536.000 6769152.000 11776752.000 6851520.000 1383408.000 4249440.000 6548256.000 5893056.000 4329936.000 4009824.000 2736864.000 2736864.000 2736864.000 1725984.000 3006432.000 11151504.000 12358944.000 11810448.000 1321632.000 2495376.000 1102608.000 939744.000 1111968.000 1207440.000 1076400.000 943488.000 1205568.000 994032.000 748800.000 
1282320.000 1070784.000 1085760.000 492336.000 967824.000 29952.000 93600.000 980928.000 696384.000 658944.000 1016496.000 1271088.000 1190592.000 595296.000 1220544.000 2759328.000 5557968.000 6001632.000 1136304.000 4137120.000 1033344.000 1926288.000 7248384.000 8416512.000 10676016.000 4678128.000 6737328.000 4313088.000 6832800.000 3049488.000 5320224.000 1110096.000 4562064.000 5805072.000 5952960.000 514800.000 542880.000 896688.000 6716736.000 8631792.000 8747856.000 11370528.000 15344784.000 6170112.000 1040832.000 986544.000 1050192.000 5616.000 1095120.000 1018368.000 
228384.000 623376.000 838656.000 1267344.000 1171872.000 1310400.000 1065168.000 1072656.000 994032.000 1111968.000 853632.000 108576.000 183456.000 632736.000 1954368.000 1252368.000 6722352.000 15410304.000 7278336.000 5000112.000 6080256.000 5713344.000 5651568.000 9522864.000 6945120.000 7950384.000 2684448.000 2311920.000 4356144.000 84240.000 877968.000 3363984.000 7209072.000 10155600.000 10979280.000 7420608.000 4957056.000 3882528.000 3564288.000 3641040.000 4672512.000 4842864.000 5820048.000 7330752.000 6220656.000 3070080.000 8697312.000 9067968.000 4200768.000 10114416.000 
10247328.000 9038016.000 9313200.000 6003504.000 1697904.000 1447056.000 984672.000 1817712.000 1448928.000 1514448.000 501696.000 391248.000 1098864.000 1031472.000 640224.000 351936.000 705744.000 891072.000 909792.000 1083888.000 849888.000 690768.000 1299168.000 1707264.000 7753824.000 4255056.000 1254240.000 2881008.000 5071248.000 6821568.000 9818640.000 6975072.000 5883696.000 8665488.000 8066448.000 10116288.000 6581952.000 6505200.000 7570368.000 5050656.000 3071952.000 1063296.000 372528.000 973440.000 1785888.000 1789632.000 503568.000 297648.000 56160.000 378144.000 
484848.000 789984.000 4193280.000 5945472.000 5408208.000 1669824.000 4361760.000 10017072.000 11840400.000 9983376.000 9453600.000 7888608.000 5700240.000 4215744.000 4202640.000 6982560.000 6552000.000 8590608.000 4442256.000 248976.000 1355328.000 1048320.000 4129632.000 6756048.000 5883696.000 7428096.000 12974832.000 14332032.000 10981152.000 5118048.000 3882528.000 9356256.000 7639632.000 8998704.000 7051824.000 3427632.000 1830816.000 9023040.000 6636240.000 628992.000 617760.000 702000.000 1138176.000 1194336.000 819936.000 799344.000 142272.000 125424.000 760032.000 750672.000 
196560.000 497952.000 1018368.000 2508480.000 9341280.000 9150336.000 4348656.000 3528720.000 7317648.000 8731008.000 9552816.000 9710064.000 11424816.000 3487536.000 7274592.000 4019184.000 5440032.000 4674384.000 4015440.000 6171984.000 8373456.000 5464368.000 2175264.000 913536.000 194688.000 97344.000 117936.000 426816.000 239616.000 321984.000 342576.000 209664.000 2435472.000 9389952.000 10215504.000 3476304.000 8483904.000 3098160.000 12218544.000 13703040.000 9021168.000 8820864.000 8115120.000 4803552.000 5284656.000 2718144.000 2804256.000 5415696.000 2519712.000 3622320.000 
2910960.000 1155024.000 256464.000 408096.000 151632.000 449280.000 325728.000 162864.000 1018368.000 1244880.000 602784.000 129168.000 260208.000 248976.000 329472.000 394992.000 840528.000 131040.000 565344.000 936000.000 917280.000 469872.000 458640.000 801216.000 1304784.000 466128.000 336960.000 505440.000 488592.000 370656.000 909792.000 934128.000 1067040.000 932256.000 533520.000 1186848.000 842400.000 1314144.000 1194336.000 1340352.000 720720.000 430560.000 615888.000 1083888.000 999648.000 1306656.000 1316016.000 2207088.000 6862752.000 3757104.000 
5954832.000 4811040.000 4341168.000 3380832.000 3217968.000 3918096.000 3472560.000 4487184.000 1095120.000 1946880.000 1679184.000 1825200.000 310752.000 303264.000 219024.000 814320.000 1007136.000 1574352.000 1287936.000 2010528.000 1158768.000 1226160.000 2950272.000 1660464.000 1737216.000 1791504.000 2551536.000 3352752.000 7459920.000 5625360.000 5196672.000 6164496.000 7744464.000 8508240.000 4479696.000 1965600.000 1265472.000 720720.000 2386800.000 2544048.000 700128.000 3631680.000 4170816.000 4839120.000 6778512.000 9573408.000 10436400.000 10840752.000 5514912.000 1776528.000 
11319984.000 13190112.000 13397904.000 8691696.000 4773600.000 8633664.000 1619280.000 533520.000 224640.000 1037088.000 851760.000 1366560.000 3146832.000 9470448.000 423072.000 3341520.000 2225808.000 589680.000 877968.000 907920.000 994032.000 1503216.000 1725984.000 7029360.000 9273888.000 733824.000 2529072.000 6883344.000 7006896.000 956592.000 5765760.000 6535152.000 11494080.000 7531056.000 8822736.000 7055568.000 7356960.000 9221472.000 11875968.000 6780384.000 3345264.000 2933424.000 2568384.000 1842048.000 600912.000 7452432.000 9004320.000 10490688.000 11415456.000 5134896.000 
2914704.000 2298816.000 758160.000 1222416.000 1098864.000 2787408.000 5187312.000 7252128.000 8126352.000 260208.000 2149056.000 8287344.000 8905104.000 7922304.000 4842864.000 4657536.000 6578208.000 11374272.000 7678944.000 5623488.000 1411488.000 8102016.000 10928736.000 12989808.000 1168128.000 2813616.000 6304896.000 4288752.000 8590608.000 8513856.000 7845552.000 8287344.000 8139456.000 8510112.000 8676720.000 7134192.000 7452432.000 6323616.000 1256112.000 9187776.000 8092656.000 5855616.000 2946528.000 2553408.000 806832.000 387504.000 157248.000 157248.000 443664.000 314496.000 
771264.000 5106816.000 7862400.000 1098864.000 2364336.000 3395808.000 3051360.000 1746576.000 1473264.000 4889664.000 7145424.000 6885216.000 5705856.000 3927456.000 6699888.000 7119216.000 10009584.000 7385040.000 477360.000 1885104.000 2718144.000 8605584.000 10666656.000 8993088.000 11793600.000 12153024.000 8833968.000 11256336.000 9187776.000 5876208.000 2725632.000 3012048.000 346320.000 2774304.000 1001520.000 866736.000 3232944.000 2484144.000 3204864.000 3021408.000 5879952.000 4324320.000 6319872.000 10554336.000 8540064.000 9779328.000 10739664.000 3745872.000 2948400.000 39312.000 
838656.000 1293552.000 288288.000 486720.000 922896.000 1211184.000 1400256.000 1261728.000 1025856.000 1289808.000 4835376.000 6050304.000 2482272.000 5308992.000 2499120.000 3412656.000 3236688.000 1956240.000 3938688.000 5363280.000 7405632.000 3506256.000 3699072.000 5061888.000 8530704.000 12656592.000 9281376.000 1763424.000 3347136.000 3766464.000 372528.000 1226160.000 1226160.000 162864.000 153504.000 187200.000 222768.000 262080.000 359424.000 1025856.000 2283840.000 6488352.000 8098272.000 7999056.000 1038960.000 3942432.000 3573648.000 7622784.000 6289920.000 10606752.000 
187200.000 222768.000 262080.000 359424.000 1025856.000 2283840.000 6488352.000 8098272.000 7999056.000 1038960.000 3942432.000 3573648.000 7622784.000 6289920.000 10606752.000 8321040.000 6668064.000 6606288.000 6295536.000 1750320.000 10822032.000 13227552.000 14219712.000 3781440.000 2663856.000 6439680.000 5808816.000 6733584.000 5956704.000 6381648.000 3225456.000 5024448.000 5572944.000 3755232.000 4618224.000 5494320.000 6799104.000 9856080.000 8128224.000 3180528.000 1121328.000 2025504.000 2551536.000 6201936.000 5788224.000 6946992.000 5172336.000 6061536.000 7162272.000 4256928.000 
8869536.000 7609680.000 6355440.000 8897616.000 6033456.000 7796880.000 4067856.000 7323264.000 9165312.000 5357664.000 6098976.000 4172688.000 2811744.000 1201824.000 4689360.000 3388320.000 2929680.000 614016.000 205920.000 97344.000 24336.000 24336.000 428688.000 735696.000 1508832.000 1269216.000 1067040.000 217152.000 2487888.000 11741184.000 6789744.000 11668176.000 12066912.000 11963952.000 10434528.000 8309808.000 6851520.000 6873984.000 6673680.000 2849184.000 1645488.000 552240.000 5616.000 59904.000 29952.000 20592.000 20592.000 20592.000 91728.000 91728.000 
329472.000 1147536.000 1201824.000 1641744.000 6939504.000 8994960.000 11394864.000 1924416.000 5279040.000 11531520.000 10511280.000 6441552.000 8120736.000 10026432.000 8852688.000 8264880.000 8953776.000 8270496.000 5616.000 7589088.000 8570016.000 8858304.000 2667600.000 1699776.000 769392.000 2207088.000 2008656.000 780624.000 260208.000 361296.000 239616.000 962208.000 1231776.000 1205568.000 1647360.000 301392.000 5801328.000 4204512.000 4436640.000 12409488.000 11874096.000 12284064.000 13042224.000 11956464.000 11997648.000 8478288.000 6085872.000 7364448.000 3330288.000 2837952.000 
260208.000 361296.000 239616.000 962208.000 1231776.000 1205568.000 1647360.000 301392.000 5801328.000 4204512.000 4436640.000 12409488.000 11874096.000 12284064.000 13042224.000 11956464.000 11997648.000 8478288.000 6085872.000 7364448.000 3330288.000 2837952.000 672048.000 187200.000 82368.000 76752.000 179712.000 29952.000 164736.000 1065168.000 967824.000 1138176.000 1134432.000 3444480.000 8068320.000 4084704.000 1336608.000 683280.000 295776.000 7420608.000 11999520.000 12366432.000 13659984.000 8867664.000 11572704.000 7400016.000 3934944.000 3753360.000 7006896.000 702000.000 
11864736.000 13347360.000 11385504.000 7532928.000 4374864.000 8839584.000 7568496.000 9723168.000 10294128.000 12409488.000 5058144.000 823680.000 3624192.000 1280448.000 4724928.000 6035328.000 8500752.000 8264880.000 11436048.000 8465184.000 6568848.000 11340576.000 13139568.000 13444704.000 11887200.000 11874096.000 14277744.000 11686896.000 8959392.000 1194336.000 5484960.000 3085056.000 3996720.000 488592.000 194688.000 26208.000 26208.000 74880.000 52416.000 65520.000 263952.000 409968.000 679536.000 1059552.000 1750320.000 3307824.000 11406096.000 12694032.000 10030176.000 7710768.000 
12778272.000 8195616.000 1256112.000 9281376.000 7469280.000 7559136.000 6542640.000 1155024.000 1155024.000 1155024.000 74880.000 46800.000 46800.000 155376.000 804960.000 243360.000 1179360.000 2001168.000 2530944.000 7553520.000 12023856.000 10011456.000 11750544.000 12166128.000 12078144.000 11333088.000 11868480.000 11252592.000 10273536.000 5775120.000 4043520.000 3590496.000 2641392.000 889200.000 140400.000 127296.000 1100736.000 1100736.000 168480.000 89856.000 224640.000 52416.000 310752.000 664560.000 164736.000 1100736.000 1930032.000 5767632.000 5314608.000 5722704.000 
6690528.000 4009824.000 11389248.000 3268512.000 3772080.000 12209184.000 10941840.000 9938448.000 8753472.000 8515728.000 12168000.000 8480160.000 6958224.000 1140048.000 776880.000 995904.000 995904.000 187200.000 174096.000 84240.000 243360.000 365040.000 617760.000 698256.000 5389488.000 11816064.000 9828000.000 13440960.000 14041872.000 12800736.000 11123424.000 1506960.000 9135360.000 12008880.000 8702928.000 2113488.000 3393936.000 2377440.000 308880.000 170352.000 967824.000 1316016.000 1883232.000 2742480.000 3343392.000 5586048.000 1134432.000 4047264.000 7926048.000 9768096.000 
1140048.000 776880.000 995904.000 995904.000 187200.000 174096.000 84240.000 243360.000 365040.000 617760.000 698256.000 5389488.000 11816064.000 9828000.000 13440960.000 14041872.000 12800736.000 11123424.000 1506960.000 9135360.000 12008880.000 8702928.000 2113488.000 3393936.000 2377440.000 308880.000 170352.000 967824.000 1316016.000 1883232.000 2742480.000 3343392.000 5586048.000 1134432.000 4047264.000 7926048.000 9768096.000 13545792.000 7843680.000 10910016.000 9953424.000 11784240.000 13871520.000 12261600.000 11415456.000 7723872.000 4846608.000 698256.000 1057680.000 58032.000 
